{
  "hidden_dim": 64,
  "lr": 0.001,
  "dropout": 0.2,
  "input_dim": 5,
  "z_window": 79,
  "z_buy": -1.1410220464763705,
  "z_sell": 2.0719498228229916,
  "hurst_threshold": 0.532882351094132,
  "hurst_window": 24,
  "sl_mult": 9.199366013380414,
  "cooldown_hours": 5,
  "vol_mult": 1.1182001556181016,
  "use_partial_sell": true,
  "partial_sell_ratio": 0.22268405731261148,
  "use_ema_exit": false,
  "breakout_window": 30,
  "hmm_threshold": 0.6594155980615416,
  "hmm_chop_max": 0.33715490151456073,
  "hmm_trend_min": 0.5517489560800722,
  "gmm_z_buy": -1.6185375638122925,
  "gmm_z_sell": -0.1888844458351347,
  "vol_shock_mult": 1.9962403474087294,
  "rebalance_threshold": 0.26499748474402823,
  "gmm_max_vol": 0.013111236843786928
}