{
  "hidden_dim": 64,
  "lr": 0.001,
  "dropout": 0.2,
  "input_dim": 5,
  "z_window": 79,
  "z_buy": -1.1410220464763705,
  "z_sell": 2.0719498228229916,
  "hurst_threshold": 0.3656135074851036,
  "hurst_window": 48,
  "sl_mult": 9.199366013380414,
  "cooldown_hours": 11,
  "vol_mult": 1.1182001556181016,
  "use_partial_sell": true,
  "partial_sell_ratio": 0.22268405731261148,
  "use_ema_exit": false,
  "breakout_window": 47,
  "hmm_threshold": 0.6594155980615416,
  "hmm_chop_max": 0.4114032433981118,
  "hmm_trend_min": 0.6577127775385814,
  "gmm_z_buy": -2.9189603873428833,
  "gmm_z_sell": 0.5981838557843674,
  "vol_shock_mult": 1.7989685260791832,
  "rebalance_threshold": 0.40770841536124786,
  "gmm_max_vol": 0.01432707061824753
}