{
  "hidden_dim": 64,
  "lr": 0.001,
  "dropout": 0.2,
  "input_dim": 5,
  "z_window": 79,
  "z_buy": -1.1410220464763705,
  "z_sell": 2.0719498228229916,
  "hurst_threshold": 0.3656135074851036,
  "hurst_window": 48,
  "sl_mult": 9.199366013380414,
  "cooldown_hours": 11,
  "vol_mult": 1.1182001556181016,
  "use_partial_sell": true,
  "partial_sell_ratio": 0.22268405731261148,
  "use_ema_exit": false,
  "breakout_window": 47,
  "hmm_threshold": 0.6594155980615416,
  "hmm_chop_max": 0.43370646022223813,
  "hmm_trend_min": 0.5950944183291439,
  "gmm_z_buy": -2.2793850192599043,
  "gmm_z_sell": 0.7380265620329984,
  "vol_shock_mult": 1.3559500021390505,
  "rebalance_threshold": 0.32608859596068135
}