{
  "hidden_dim": 64,
  "lr": 0.001,
  "dropout": 0.2,
  "input_dim": 5,
  "z_window": 79,
  "z_buy": -1.1410220464763705,
  "z_sell": 2.0719498228229916,
  "hurst_threshold": 0.46517013042182837,
  "hurst_window": 8,
  "sl_mult": 9.199366013380414,
  "cooldown_hours": 14,
  "vol_mult": 1.1182001556181016,
  "use_partial_sell": true,
  "partial_sell_ratio": 0.22268405731261148,
  "use_ema_exit": false,
  "breakout_window": 15,
  "hmm_threshold": 0.6594155980615416,
  "hmm_chop_max": 0.3812067866478362,
  "hmm_trend_min": 0.6767070197567909,
  "gmm_z_buy": -1.5039934894512577,
  "gmm_z_sell": -0.4459374086090832,
  "vol_shock_mult": 1.5261337897038145,
  "rebalance_threshold": 0.23144764750826527,
  "gmm_max_vol": 0.013111236843786928,
  "atr_sl_mult": 3.0092519129861612
}