{
  "hmm_chop_max": 0.2692684169035535,
  "hmm_trend_min": 0.9499977893217249,
  "gmm_z_buy": -3.3327190886132274,
  "gmm_z_sell": 1.429970185546743,
  "vol_shock_mult": 1.904379401102854,
  "rebalance_threshold": 0.48315043139250335,
  "rolling_min_window": 52,
  "rolling_max_window": 52,
  "gmm_ema_mult": 0.99002648193803,
  "cooldown_hours": 11,
  "breakout_time_stop_hours": 56,
  "short_dip_thresh": 0.11605402480712694
}