{
  "hidden_dim": 64,
  "lr": 0.001,
  "dropout": 0.2,
  "input_dim": 5,
  "z_window": 79,
  "z_buy": -1.1410220464763705,
  "z_sell": 2.0719498228229916,
  "hurst_threshold": 0.39456685586474705,
  "hurst_window": 9,
  "sl_mult": 9.199366013380414,
  "cooldown_hours": 23,
  "vol_mult": 1.1182001556181016,
  "use_partial_sell": true,
  "partial_sell_ratio": 0.22268405731261148,
  "use_ema_exit": false,
  "breakout_window": 46,
  "hmm_threshold": 0.6594155980615416,
  "hmm_chop_max": 0.32371701795522345,
  "hmm_trend_min": 0.5892580743618566,
  "gmm_z_buy": -2.964871401392277,
  "gmm_z_sell": 0.9516811227634515,
  "vol_shock_mult": 1.564541699994612,
  "rebalance_threshold": 0.3087241251904085,
  "gmm_max_vol": 0.013111236843786928,
  "gmm_atr_mult": 3.770753092248526,
  "breakout_atr_mult": 5.1468989626862935
}