{
  "hmm_chop_max": 0.37537844869159337,
  "hmm_trend_min": 0.7107347285984579,
  "gmm_z_buy": -3.950511834147472,
  "gmm_z_sell": 0.5884066227467456,
  "vol_shock_mult": 1.415052074806785,
  "rebalance_threshold": 0.564144483310325,
  "rolling_min_window": 50,
  "rolling_max_window": 59,
  "gmm_ema_mult": 1.1417316373089357,
  "cooldown_hours": 11,
  "breakout_time_stop_hours": 72,
  "short_dip_thresh": 0.12389253491819237
}